time,x,y,z,phi,theta,psi,x_velocity,y_velocity,z_velocity,phi_velocity,theta_velocity,psi_velocity,rotor_speed1,rotor_speed2,rotor_speed3,rotor_speed4
0.06,2.2042308550857513e-08,-8.54910170437133e-08,10.00340233512736,6.283027885094423,6.283155531139041,0.0,2.2633340013854487e-06,-1.0413776011513642e-05,0.11340588596926504,-0.008469209383471763,-0.0015078360906496755,0.0,441.0390229865753,440.91450296878685,441.6384243390231,440.9395034733661
0.12000000000000001,1.1703818511373135e-06,-5.2207685996478025e-06,10.01256768970678,6.282973576524208,6.282908390562589,0.0,5.211653128994011e-05,-0.00018542362528347868,0.1920953226335889,0.011049059274659883,-0.009933203868432071,0.0,430.90399138087605,430.19135866798354,428.8370282647494,430.49150888144806
0.18,1.2184901352691822e-05,-1.8196075492362978e-05,10.026579585356963,0.00035826049621956457,6.282134941131606,0.0,0.00038236636193083576,-0.00018556913449870683,0.2749508968109368,0.006205955044506803,-0.019581663009344885,0.0,431.4993388918085,430.68430003388255,432.0651221647664,431.65656706905395
0.23999999999999996,5.983918874541042e-05,-2.1018439097856295e-05,10.045046300606698,0.000594900499317319,6.281148348527861,0.0,0.001310213020078681,0.00012141647444705309,0.34058831246177285,-0.0010146539697205572,-0.010808109506733677,0.0,425.8299409611583,426.57973614341114,426.0038125441335,425.38598001493057
0.3,0.0001880633462892059,2.572095440069452e-07,10.071200287238007,0.0008224681821635826,6.281066082065156,0.0,0.0030005714929313924,0.000598976441899214,0.5311414565779682,0.011997321738482425,0.012842507543644025,0.0,464.899397452487,466.74857383646423,463.45145753635666,464.4728388578809
0.36000000000000004,0.00042142243890156225,6.262256073705976e-05,10.112671691209735,0.001036488712759187,6.282210199574891,0.0,0.004645857479285069,0.00155725218017748,0.8510564140973541,-0.024233988322721337,0.02927104056063996,0.0,501.9134738946642,503.10411228659433,503.18530842594396,500.555965777086
0.4200000000000001,0.0007162342839253263,0.00017479691345768765,10.170623023712714,6.2824879041065955,0.0005981847420102326,0.0,0.004978369317375805,0.001991269663044017,1.0804663865043458,-0.04040362134857262,0.01929390006223894,0.0,477.7181905415526,476.95699996796355,477.1770333159673,475.94101136221843
0.48000000000000015,0.0009972906232727015,0.0002693993858762314,10.239628537250537,6.2802186112971405,0.0015519122162119814,0.0,0.004275356661101095,0.0009098264768524787,1.2195786205142765,-0.033102778409984636,0.008044300860932605,0.0,451.1613981146875,450.25220244247447,449.6293460069728,450.2196900255604
0.5400000000000001,0.0012224140761321813,0.00026020809138542603,10.314282745409173,6.278276155806466,0.001662922826678681,0.0,0.0031966378248736915,-0.0014015966964662278,1.268840646753411,-0.03095591231892117,-0.014941992955036648,0.0,423.248784238786,421.2660310781837,421.659544286694,421.844494820134
0.6000000000000002,0.001382586531505474,6.829859673222437e-05,10.39328148370838,6.276025089415915,0.001442804699362199,0.0,0.0021928036929533155,-0.005197765984452626,1.3643401947249827,-0.05576723349161466,0.01257077185833448,0.0,435.9171936009419,438.2100376016368,438.1390032287383,436.07067561836453
0.6600000000000003,0.0014813495841207677,-0.0004040726579533934,10.47826312672288,6.273492229299908,0.0020595588551524102,0.0,0.0010287231686104755,-0.01083966649777074,1.4682508083199248,-0.02368983535317667,0.005249479284671227,0.0,440.44307258371333,439.8370886912687,438.5246552521822,441.1796402091879
0.7200000000000003,0.0015015263315994217,-0.0012486213507378475,10.568311497736744,6.2728863972783575,0.0023875407318527664,0.0,-0.0003871134728830445,-0.017400904730323564,1.5332753459949013,0.008469170514969412,0.005896662724028399,0.0,428.15399294085245,428.2089524922282,426.0993865162935,428.83959987943354
0.7800000000000004,0.0014228786712444197,-0.0025178253818032457,10.6647034527482,6.27323742483196,0.0036031829416938166,0.0,-0.002329648124814786,-0.024856416854241177,1.6795864427494704,1.754082978205288e-05,0.03954972540058112,0.0,451.7287799963377,454.4341851590726,454.5714494250183,453.89364518007164
0.8400000000000004,0.0012149672342307905,-0.004177032078704006,10.764683542286955,6.273092790907572,0.00564532133650264,0.0,-0.004787480208224976,-0.030456431550276036,1.6531210647369334,-0.007772855191052485,0.01974000841582739,0.0,398.9835181736067,397.1715090794667,397.61601992553227,396.90177066937366
0.9000000000000005,0.0007848189498033985,-0.006252219552811806,10.870557768447096,6.272646467275589,0.006942521602416818,0.0,-0.009698152993845488,-0.038767873236243436,1.875680248918505,-0.0067786872265798125,0.025136933244881463,0.0,477.212873672506,477.62459427479484,476.15839129501546,476.23455127411626
0.9600000000000005,2.3711605869864184e-05,-0.008841168311934612,10.990255813691453,6.272632394375563,0.008066972536934003,0.0,-0.015836168925222955,-0.04754887701646719,2.113843920028359,0.010396366925101607,0.0011579654482185234,0.0,482.1330305401246,480.31798890283386,482.20794636752925,483.50356252176175
1.0200000000000005,-0.0011013974890350714,-0.011919127075253378,11.1209820781127,6.2728918393764275,0.008718412303097445,0.0,-0.02170900717722342,-0.05499583705076575,2.24345292970779,-0.012002051067893803,0.025370747378856518,0.0,449.0700165902122,451.02961386147837,451.8429500428759,450.0336612306827
1.0800000000000005,-0.002610718273107413,-0.015458604371153551,11.260915805639941,6.2721448276137775,0.009993255405892576,0.0,-0.028758922758431296,-0.06306621340112124,2.420644046183942,-0.013361881776699652,0.011367366661876314,0.0,466.11034958913234,465.0147181990824,465.4553805897818,465.34908062175157
1.1400000000000006,-0.0045813958456225965,-0.019513104108989238,11.412725221048905,6.271795145939464,0.010591574247020397,0.0,-0.03700219958282551,-0.07214355005796891,2.6391898594736194,0.006087751357147861,0.007023972539316359,0.0,478.68237184985213,478.3516157272392,477.60386602571566,479.08502038947927
1.2000000000000006,-0.007047791891281213,-0.024102983867247536,11.576486870610307,6.272176060212885,0.01112089197067867,0.0,-0.04526082189697755,-0.08080528810197006,2.8191055251488257,0.006865194842496062,0.012195161003217702,0.0,467.49896169251167,467.901588299462,468.3466487845243,468.407004769027
1.2600000000000007,-0.009959944285082312,-0.029142137402941637,11.745412827498189,6.272369919897338,0.012075423580914624,0.0,-0.051884517790079764,-0.08713969530908261,2.811776893905615,-0.005263844275909598,0.022458163703386776,0.0,409.52078643438665,410.4326078559624,409.5098390597714,408.4294516472795
1.3200000000000007,-0.013396125086903363,-0.034654939582020525,11.922609619082747,6.272107120917521,0.013933747233553895,0.0,-0.06285762430951493,-0.09664987570736598,3.094059698110963,-0.0026682941816672176,0.04409590070760163,0.0,497.786747263827,499.3678032701776,498.12626132294525,498.3161114768861
1.3800000000000008,-0.017446356393272976,-0.040668581717276595,12.109920864224963,6.272151284942787,0.016547190691440505,0.0,-0.07239877081300149,-0.10380811893277095,3.149492810177532,0.006798447720870342,0.04245834960123943,0.0,431.68758824422514,431.55050546710856,431.7348337810896,432.5328424316342
1.4400000000000008,-0.022132449725101488,-0.04711748982923159,12.301320666146731,6.272429025047762,0.019320793779963097,0.0,-0.08406516773718824,-0.11111879637304196,3.2302706950980395,-0.00010757422979595357,0.05285969037253509,0.0,439.63958412960227,440.5018423434243,440.85800758067353,440.28692234600874
1.5000000000000009,-0.027558393817942964,-0.053991204517022204,12.496659816351098,6.272036147164439,0.022602149566223417,0.0,-0.09710246151224583,-0.11801785838410998,3.280882766411707,-0.024310594160815126,0.05811671778648139,0.0,430.1306607406162,430.5777506149011,432.9865237101918,430.9455380108472
1.560000000000001,-0.03387040966710614,-0.06130926279453768,12.696752662408773,6.27178132607998,0.02586632209258788,0.0,-0.11364016567256459,-0.12598559268090115,3.3885549981453535,0.01972251936944109,0.045691942478419637,0.0,449.48232924623153,448.4761606888705,448.38528242801846,451.9484539976494
1.620000000000001,-0.041134192991234574,-0.0690576345693396,12.899291425823918,6.272687675864251,0.028410017836153934,0.0,-0.1287092116850332,-0.13220569999835366,3.362807041035972,0.003745737022689084,0.03481754904651963,0.0,407.1558914921134,406.1829281668982,407.6072409708029,406.17678511649365
1.680000000000001,-0.049425691693313706,-0.07719695166423161,13.103153350212633,6.272823982874327,0.030376565620742646,0.0,-0.14786623670745622,-0.13908513004930162,3.4323764911461696,-0.0008525476314206126,0.028343917623690717,0.0,438.2892676370992,437.7513113135572,438.43131591462895,438.0490450186478
1.740000000000001,-0.0589625939361653,-0.08576682299857552,13.313069473684205,6.272801815260909,0.0326138342434783,0.0,-0.17023289819373608,-0.146577127710014,3.5644160873359425,0.0005797073758812469,0.05092355181448682,0.0,458.13451073892,459.92696255342787,457.0119969455394,457.1261548934461
1.8000000000000012,-0.06972923424587393,-0.09473475799203454,13.525921860271373,6.272613971504304,0.035694688654626994,0.0,-0.18891100656987644,-0.15236051054134145,3.5307569274560375,-0.011836812265605111,0.05218210644999327,0.0,404.81405925902527,404.929271589029,406.3659967795314,405.2514270223765
1.8600000000000012,-0.0817660652575951,-0.10408406837643994,13.739454677501408,6.27163731371358,0.03861245393521351,0.0,-0.2126003968494435,-0.1593599753640754,3.586813969909184,-0.027100050984713252,0.04036253083001006,0.0,435.48200169617286,434.4936461019846,435.5867397228855,434.30843810724656
1.9200000000000013,-0.0952894001921456,-0.11387868087320278,13.956634061098784,6.270167432822623,0.0407495601200063,0.0,-0.2383926427841766,-0.16727407007697975,3.6522765730245212,-0.019745333475415627,0.023864418958073803,0.0,439.5342836888542,438.16534097519013,437.61586120621956,438.22756254527025
1.9800000000000013,-0.11040771064863843,-0.1241782039209794,14.17795511471427,6.268504621984434,0.04223673597881472,0.0,-0.2656849368749095,-0.17617080557274173,3.7248454228864296,-0.05269107473128029,0.02656877818600327,0.0,441.6117959760725,441.8349212984996,441.87064868655693,439.14571282971605
2.0400000000000014,-0.12714662421800793,-0.13503483349258913,14.402518572687798,6.26554042288938,0.04393632934302438,0.0,-0.2924269685714443,-0.18599729238146992,3.7604694310267646,-0.04352941837508085,0.03162825080531777,0.0,429.6789473099465,430.1079329576242,429.30800433473496,430.08308171290753
2.1000000000000014,-0.1456927511595705,-0.1466043030754499,14.6330478559943,6.262598387967438,0.04570583730933819,0.0,-0.3259582232200501,-0.19994677288186688,3.923272815954222,-0.06329343510515113,0.02483508280374263,0.0,470.5288770561982,470.0028625947872,469.7484361736726,468.2117755833898
2.1600000000000015,-0.1659850223902034,-0.15894090598457478,14.866724426983607,6.259009962179981,0.04755280693764341,0.0,-0.3505938274661582,-0.2115673569281849,3.8661220444970557,-0.05361750931132845,0.04060420086731017,0.0,399.4119539452679,400.84809313744677,399.64404810124637,400.5221114598286
2.2200000000000015,-0.18808075269031724,-0.1721807868405564,15.103068121176316,6.256284756365089,0.05006538841097097,0.0,-0.38617638281677347,-0.2300680881072613,4.011470675033418,-0.03268214424359463,0.044305807437690935,0.0,465.51756173095697,465.80799274933406,463.95342042839457,465.59311032713015
2.2800000000000016,-0.21217342860742452,-0.18648154817756948,15.344287098228826,6.253988633209406,0.0523999629161942,0.0,-0.4171377181149988,-0.24681015498078407,4.02907319308118,-0.05281671229002459,0.025021126102770484,0.0,427.44276771377946,425.79679115846113,426.6980028685035,424.97461702216754
2.3400000000000016,-0.23834962987794686,-0.20193789266998907,15.590095310429412,6.250903421652531,0.05419316516905148,0.0,-0.4555563419026326,-0.26872136928800816,4.164019318700298,-0.048764939631561505,0.03817461754337401,0.0,461.76446140991726,462.8012344192218,464.26501438894144,464.5812591801389
2.4000000000000017,-0.2668379329366421,-0.21875361145126113,15.843350908070166,6.247491038630571,0.056528940880524736,0.0,-0.49427279433317856,-0.2921077001100527,4.277377524536923,-0.0826445955811173,0.04039798313913882,0.0,457.2491968432195,457.4270043990311,459.71750227079775,457.02234061514457
2.4600000000000017,-0.2978688063410402,-0.2371612251342392,16.106372162572562,6.242558905206543,0.058827575618879635,0.0,-0.5403251145539613,-0.32203423938062153,4.489131626118225,-0.08133238349885964,0.03377084129232335,0.0,488.094762554113,487.6004545609278,487.99699424931737,488.09011987801784
2.520000000000002,-0.3314750630927651,-0.2573132147515762,16.378013743908085,6.237442305966768,0.060824336120713696,0.0,-0.5800655037126801,-0.35017551900834404,4.565234194290002,-0.09463360321746013,0.03227797167767521,0.0,449.43143567260995,449.3108298994202,449.37518499461476,448.28956378822426
2.580000000000002,-0.3677321349365153,-0.27943087606066963,16.65790286302937,6.232041153555995,0.06278633913498055,0.0,-0.6286831453103503,-0.3876839192183686,4.763526417708791,-0.08210447787284675,0.03353096463908463,0.0,487.5310554259494,487.62497773087887,484.9133989155662,485.8476622780349
2.640000000000002,-0.406589452416504,-0.30362399927719236,16.9439279376723,6.226842158841116,0.0648624709835488,0.0,-0.6667417979470305,-0.4191954285053395,4.770554927288558,-0.09778173623029661,0.036662490652612845,0.0,429.49375205399633,429.7598485022203,430.36942168741695,429.03361709139284
2.700000000000002,-0.4477745789506668,-0.32980876970095396,17.230454400398028,6.220674289444631,0.06715376254228911,0.0,-0.7062948463385417,-0.4541568788285978,4.780215446290504,-0.11540978065772069,0.0410765036171523,0.0,430.03027709567453,430.4048217290961,431.9870617472255,430.4880698314358
2.760000000000002,-0.49149972754261406,-0.35832192976361343,17.51937910302189,6.213866829859112,0.06952544004608274,0.0,-0.7514286933002571,-0.4969293272093629,4.850219278319367,-0.10981745831850057,0.03623648247001266,0.0,450.69915072781686,450.3085097006017,449.7587676414846,450.20023139771547
2.820000000000002,-0.5379553094681829,-0.389509548769804,17.81214398074793,6.207787125778069,0.07145815255368504,0.0,-0.7972745495960106,-0.5432403788593634,4.908267759832202,-0.08824146053286012,0.02261909246220605,0.0,447.5376659170543,446.4281391472137,446.7665433367065,448.51343025161606
2.880000000000002,-0.5872687985067899,-0.4236654890346662,18.109369517465666,6.202299737211259,0.07285897646382544,0.0,-0.8466227263018872,-0.595799371486615,4.998764580979464,-0.09881266973016624,0.02476449434296752,0.0,458.4842150822658,458.65469132999283,458.069266959954,457.22090344258936
2.940000000000002,-0.6394453446842466,-0.4609458626390959,18.4102685837673,6.196337123633638,0.07395119836299635,0.0,-0.8927127287497528,-0.6474119095795627,5.030965269905824,-0.1005289799853945,-4.716014644385452e-05,0.0,441.8934581153885,439.84305318623854,440.9400759758753,440.78965425570163
3.000000000000002,-0.6943246447118082,-0.5013398081750899,18.71201957080786,6.1907751964424556,0.0739985209117835,0.0,-0.9366066343649538,-0.6995520595704078,5.027330963440076,-0.08041861261685994,0.0024102629384302036,0.0,430.34864643700666,430.55662039977307,428.2363558581694,429.9360427950234
3.0600000000000023,-0.752228253891998,-0.5454435053272156,19.018746406459478,6.186019685909837,0.07378896343428565,0.0,-0.9934640737759892,-0.7710349793796031,5.196035049612705,-0.07703507454311165,-0.019185729421348323,0.0,484.254000186603,482.6266176613413,482.7763864734899,483.0271613156271
3.1200000000000023,-0.813363777110543,-0.5937166030107878,19.33327131150459,6.181459457294192,0.07242538156506129,0.0,-1.044238093669371,-0.8384885585538929,5.287618365695715,-0.07401829245808565,-0.03096255795197144,0.0,462.50668678209485,461.5780470258297,461.5522756804953,461.78602147082034
3.1800000000000024,-0.8772081493483126,-0.6456915942848838,19.649018906142302,6.176788097143138,0.07036230755556616,0.0,-1.0837794795294529,-0.894398966546555,5.237466237762692,-0.08691148261717654,-0.04229762516335762,0.0,418.0481256844386,417.05847799620767,417.8362449642698,416.70514454054484
3.2400000000000024,-0.9437692848272219,-0.7016758065295365,19.967099132707595,6.172022356589519,0.06799203087290717,0.0,-1.1346343396975531,-0.972203783138249,5.364519269364101,-0.06758473321905667,-0.03443508488920298,0.0,472.8147686347959,473.41952151853513,472.7225065489559,474.2048529616951
3.3000000000000025,-1.012975701188586,-0.7618349598028867,20.287515811080546,6.1676355332364565,0.06593201748502686,0.0,-1.172108533170429,-1.0334650890559445,5.316191910678543,-0.08745405294557525,-0.034131312166175806,0.0,419.1915692308042,419.2174049024661,420.04106845305364,418.3093715998162
3.3600000000000025,-1.0845079190689126,-0.8259366359709891,20.6066549937276,6.162370763424079,0.06374229562905498,0.0,-1.2121229657014458,-1.1037188321151103,5.32165731217464,-0.08833646805334948,-0.04169961636900837,0.0,436.71777689404786,436.08528637480157,436.933108421385,436.85299050282237
3.4200000000000026,-1.1584873054873235,-0.8945089316571664,20.92741964404997,6.157341135788304,0.06138947112369042,0.0,-1.2536258044029471,-1.1824848862508686,5.370161174224164,-0.07606808762970019,-0.034656564903656775,0.0,449.8229126976165,450.3922374703697,450.67567032708007,451.66066683825505
3.4800000000000026,-1.2349566795861409,-0.9679859517260399,21.251737444773916,6.153034600477582,0.05926320477389169,0.0,-1.2951400929419334,-1.2671412792236305,5.439987503325042,-0.06434092158834245,-0.037047474584486324,0.0,458.0084073340438,457.8176723490585,457.5876443141822,458.5165477585067
3.5400000000000027,-1.3137812326500005,-1.0464137022397337,21.578610870619528,6.148726270326701,0.05714407692873813,0.0,-1.3321596567689569,-1.3474715776111834,5.455616424752362,-0.09410678132593892,-0.03206874366113229,0.0,440.5479716024836,440.9589653446898,444.1654323105477,441.7126764928926
3.6000000000000028,-1.3950352685609884,-1.1303225900197789,21.910625445925987,6.142729580006797,0.05465877366432981,0.0,-1.3760520914473562,-1.4500254283956808,5.610611093535091,-0.11538127538925731,-0.07676953698014521,0.0,487.6580867526584,484.30576054116705,484.57706563781204,482.9669223884148
3.660000000000003,-1.4788406510111574,-1.2204777846043298,22.25158162354585,6.13590216480347,0.0498294485394144,0.0,-1.416928223166646,-1.5557923976648813,5.7537071538231785,-0.11078691441439782,-0.08921219413878817,0.0,484.0288727579824,483.0866879761791,482.7060630465381,483.04229355868597
3.720000000000003,-1.5647947046858486,-1.3165275623066046,22.597076680767127,6.129906463373867,0.04404681308582514,0.0,-1.4477374932534837,-1.6464218464281306,5.762618353111577,-0.08414197730550929,-0.1172382072492737,0.0,444.27543193006966,441.96263139965566,443.6275454378136,445.8014443098659
3.780000000000003,-1.6526153381729058,-1.4185618043892914,22.945924553597564,6.12485880048343,0.03674384274335729,0.0,-1.4788847525557012,-1.7551662454741876,5.864993145631988,-0.08409922398449282,-0.13263825929584303,0.0,473.0212102912475,471.8209481848207,474.01460870702755,474.0125904194444
3.840000000000003,-1.7419792661435736,-1.5264413088310422,23.295991040566932,6.119578045895993,0.028586176389053364,0.0,-1.4993213875966547,-1.8412881375717398,5.804116107332548,-0.09728118652993821,-0.1435998998900964,0.0,423.7321247963443,422.77029870947536,422.8601612849185,421.7158360678272
3.900000000000003,-1.8325372977899006,-1.6401424736817567,23.645787457570968,6.114028284306684,0.020133246218806633,0.0,-1.518488990326316,-1.9492603003909592,5.855364798363296,-0.08432984046604636,-0.1359414088197155,0.0,458.4571889164709,459.04759461751274,457.77109546001293,458.79372036629445
3.960000000000003,-1.9240935282311171,-1.760466058191911,23.998845331365843,6.108989046748032,0.011653852167518686,0.0,-1.5326103776786077,-2.0619750372185464,5.912791524553365,-0.08331128507093323,-0.15514503853332484,0.0,461.6486194161612,460.11239360742377,461.5953408325281,461.6702515170084
4.020000000000002,-2.0163109645558968,-1.887259701984015,24.353095370784928,6.1044077244819,0.0022276624700863223,0.0,-1.5405387919723474,-2.164922491754789,5.895517924829631,-0.06518788032488322,-0.16133311322954483,0.0,438.9877301954257,438.45005117999193,437.55299031885954,439.0546832843842
4.080000000000001,-2.108844118871976,-2.019227442796367,24.70031566948402,6.100482606888537,6.275867843496126,0.0,-1.543397394157839,-2.234457564757689,5.679559393196442,-0.0658839244387745,-0.15493672498566105,0.0,368.3548172878791,368.95725748119725,367.9864226700191,367.91336061186854
4.14,-2.201368957735009,-2.157029984941768,25.04326062123623,6.097381224936912,6.266358325326198,0.0,-1.539868558556442,-2.3592579092160686,5.751436132643383,-0.0325625483622115,-0.16675623753015342,0.0,465.88160786003175,464.93362096850626,462.40858857753267,465.0246551135622
4.199999999999998,-2.2935056358731853,-2.3022767523781096,25.38993268190071,6.095681063743852,6.256203572332836,0.0,-1.530422319793524,-2.482462252190218,5.803928123975139,-0.020998567710183123,-0.17475016203152383,0.0,460.23873270256496,459.57900716213334,458.77378430210996,459.6910202039171
4.259999999999997,-2.3848253072597774,-2.4553334816169428,25.741728641870345,6.093971209741829,6.246722778144658,0.0,-1.5125692126585843,-2.619500126189752,5.921865993303803,-0.05098552932367152,-0.13666248708483633,0.0,478.5440037255098,481.4121450760047,481.6047890824294,479.3305817941046
4.319999999999996,-2.4751061877134157,-2.615556132196741,26.09480592843677,6.091006873255061,6.238864562798838,0.0,-1.4961804848757567,-2.7216008427596154,5.84763691360312,-0.04642049152857238,-0.12151003536157012,0.0,419.5695158200101,420.8663136578257,421.2857363132789,421.67869650195644
4.379999999999995,-2.564071057851811,-2.782866709432083,26.44805777524785,6.088242033049067,6.232040450619465,0.0,-1.4686466373521045,-2.855648155022313,5.926814382195368,-0.04540975098922788,-0.10152591749792855,0.0,467.9745419869127,469.51678964690177,470.4974274136351,470.57457031102837
4.439999999999993,-2.651554945312186,-2.957161221873139,26.80035457771037,6.085647551502143,6.226725902647587,0.0,-1.4470556838418094,-2.954519928380519,5.816841913902455,-0.03922459811237043,-0.07063997945444617,0.0,407.0426968616372,409.7902587767302,409.9143288432421,410.4625227812537
4.499999999999992,-2.7374152378598544,-3.1383137161809325,27.15040578307579,6.0829964075411596,6.222282955810023,0.0,-1.4145630701057987,-3.084132654855477,5.85114196460026,-0.05662863566879489,-0.08192423857974902,0.0,456.3777266966735,455.4717828080129,457.15320037588873,455.7628809663265
4.559999999999991,-2.8211266088669817,-3.3276712593079436,27.504270451388884,6.079448440553872,6.217131588027293,0.0,-1.3753401139342154,-3.2280725551665896,5.943587216716417,-0.06467881738408857,-0.0951777940136361,0.0,476.1502639138834,475.1294150049003,474.58370710051946,473.963057011065
4.6199999999999894,-2.9024029799733237,-3.5256690924831258,27.863249807771982,6.075529805262654,6.212081533312036,0.0,-1.3333756308923763,-3.3721895865143776,6.0216751570777465,-0.06660440837227857,-0.06821669240969222,0.0,471.6552451949372,473.72767131203835,471.71420928633097,471.5625783850359
4.679999999999988,-2.9813856650168535,-3.731479023962219,28.222498310403036,6.071924477830075,6.207874183056031,0.0,-1.2990298511704246,-3.488558704858932,5.953389851242692,-0.049500544532964805,-0.07423368865397924,0.0,426.9539782701831,426.4361913294143,426.2691998862279,427.7258550226081
4.739999999999987,-3.0579699018295714,-3.9450801970177287,28.5810636158932,6.068701775010908,6.2032141491780735,0.0,-1.2533669377875893,-3.63176693193563,5.998251400207476,-0.06384507027644849,-0.08560788322180557,0.0,463.23854512442966,462.33847742117376,464.2123245162079,463.0832512950613
4.799999999999986,-3.1316659225041037,-4.167496053317602,28.942945222530028,6.064286115283714,6.197975871076661,0.0,-1.2026927943021988,-3.782422380456625,6.063770674984623,-0.1335426939457257,-0.09093193587101313,0.0,470.1323462417177,469.7136823512049,474.23145509897233,468.8398831347517
4.859999999999984,-3.202041118739989,-4.39950794118889,29.310670294210038,6.055973066761883,6.192367744808694,0.0,-1.1426292321872156,-3.952009783191412,6.19245463464653,-0.15113178731213472,-0.09909355084833253,0.0,491.42939371706024,490.8174057138721,492.1121663932887,490.7921538843001
4.919999999999983,-3.2691053373159824,-4.640857505438179,29.68162416862442,6.047445005687717,6.185975202285251,0.0,-1.0923279187095556,-4.093742676158688,6.172264940552646,-0.12844608552834272,-0.12875376658406676,0.0,449.71059422993983,447.2905876659061,446.65826652628795,448.4859544290672
4.979999999999982,-3.3329316021143054,-4.891107813945082,30.0523124976675,6.039281655966446,6.177907284216616,0.0,-1.0345309801219364,-4.248625260791427,6.183401947311979,-0.1590644060925605,-0.1494385140189358,0.0,459.0955923243151,457.43456679322713,460.82601457475835,458.3814966386837
5.0399999999999805,-3.3933567750028795,-5.150319827840877,30.421620419952195,6.029926607001562,6.16869192295751,0.0,-0.9789037475602304,-4.39259703260743,6.1265945519957254,-0.1502750238407506,-0.16353489826449238,0.0,438.63978628033146,437.444407362418,438.1604378637299,438.8673223381444
